 50.1738 479.493
 23.5551 775.271
 280.123 817.049
 373.876 625.215
 264.346 924.139
 584.503 853.396
 719.105 505.739
 540.272 986.908
 657.582 52.9661
 681.845 781.612
 599.226 895.816
 49.0164 795.989
 782.752 327.033
 519.386 502.299
 456.436 634.579
 76.8265 505.61
 114.072 99.3815
 280.881 393.195
 915.431 653.757
 18.4099 179.777
 577.896 601.913
 33.173 297.001
 107.652 572.446
 283.909 764.234
 624.412 964.753
 545.846 223.638
 860.569 593.862
 19.6264 643.321
 919.895 538.012
 145.62 376.331
 172.591 221.447
 880.941 285.663
 319.828 161.822
 677.857 235.259
 814.578 695.267
 414.036 392.474
 297.18 446.21
 688.474 403.832
 18.655 971.383
 168.066 642.067
 936.136 712.912
 864.704 796.705
 306.774 883.331
 440.027 226.669
 421.343 584.647
 601.999 592.934
 805.094 482.94
 877.596 124.922
 643.761 555.453
 359.182 458.34
 250.72 772.218
 849.813 546.901
 218.428 538.288
 949.733 236.083
 509.671 117.799
 877.149 445.807
 829.711 741.853
 242.513 136.485
 625.184 681.539
 362.154 46.527
 266.186 963.153
 638.461 71.2797
 446.093 516.057
 195.202 89.8543
 71.5107 553.383
 547.194 321.231
 325.601 397.007
 867.132 543.029
 934.295 816.865
 778.112 443.966
 933.664 655.261
 888.773 763.375
 397.114 131.286
 898.86 22.2984
 811.825 261.014
 67.8254 78.0107
 224.167 705.286
 148.29 669.26
 221.343 342.492
 758.114 291.854
 894.876 305.308
 612.085 220.477
 701.315 479.217
 762.506 635.611
 296.081 540.618
 79.5768 229.745
 195.879 967.35
 992.12 591.993
 98.6357 890.98
 613.291 909.46
 151.994 680.117
 986.471 375.161
 385.403 134.762
 44.4203 605.746
 476.254 801.534
 896.601 371.13
 106.842 508.686
 590.607 807.157
 986.903 353.113
 442.768 282.984
 892.731 521.345
 511.729 88.6099
 488.695 503.85
 679.603 586.33
 394.83 292.894
 495.791 545.824
 972.011 482.262
 919.985 357.414
 616.024 963.405
 962.161 92.2775
 764.939 858.761
 462.407 870.782
 367.447 53.0143
 677.939 354.35
 405.128 120.707
 636.334 297.859
 641.052 148.063
 385.469 129.746
 650.913 65.0715
 715.077 45.7429
 356.966 210.868
 590.567 328.977
 692.13 510.552
 685.391 308.153
 473.957 647.552
 399.431 238.897
 506.313 860.838
 109.678 872.76
 912.852 786.617
 227.11 317.98
 906.324 862.443
 614.839 547.376
 10.5066 999.307
 676.122 660.419
 64.3787 391.199
 705.162 420.344
 601.067 295.729
 748.321 293.197
 805.281 433.712
 600.35 279.238
 81.2638 998.781
 517.135 586.577
 859.619 625.813
 459.336 772.471
 412.43 685.446
 90.4508 318.755
 547.889 704.289
 865.131 557.396
 703.597 541.253
 217.815 766.975
 931.452 921.978
 187.32 532.519
 217.707 934.641
 824.716 22.9882
 368.353 425.066
 301.227 448.617
 423.847 817.362
 35.1938 283.466
 443.175 493.53
 55.9367 854.606
 178.976 145.388
 173.36 725.866
 848.677 38.4908
 283.262 552.274
 578.744 500.077
 319.249 510.196
 422.055 505.569
 42.7155 638.762
 440.21 866.432
 660.75 807.563
 291.498 960.977
 256.181 714.345
 778.338 290.374
 996.81 221.514
 782.905 52.7469
 76.119 960.881
 197.134 248.479
 686.747 45.8114
 285.97 969.009
 597.085 863.714
 469.086 915.334
 373.91 890.141
 420.903 415.625
 528.903 860.113
 282.057 189.653
 667.676 572.555
 150.629 922.857
 286.899 927.968
 213.231 283.709
 149.481 995.136
 335.456 224.601
 956.017 531.591
 472.08 642.764
 576.402 757.05
 611.772 173.487
 620.764 80.8579
 88.8211 993.674
 969.999 508.724
 409.299 498.901
 368.837 690.356
 687.554 36.5132
 262.911 837.183
 958.37 548.81
 765.151 171.601
 831.519 913.633
 166.737 166.975
 138.233 122.754
 697.566 609.313
 764.518 273.968
 366.363 376.29
 446.455 986.126
 456.148 534.276
 979.8 426.146
 43.0004 389.099
 924.047 410.837
 79.455 611.601
 446.351 341.366
 448.784 404.721
 889.176 213.935
 575.322 720.695
 127.568 741.059
 886.67 264.801
 862.813 584.236
 873.114 627.331
 857.204 239.477
 3.62066 303.659
 225.603 458.768
 836.936 205.403
 883.915 878.936
 593.502 807.962
 289.774 671.957
 419.563 735.124
 13.3227 867.347
 139.845 901.498
 81.2825 714.166
 622.193 207.851
 455.226 508.863
 471.652 318.039
 93.099 344.766
 944.37 949.303
 583.243 946.99
 252.963 807.846
 405.759 89.8985
 13.2486 289.673
 967.835 605.751
 97.6349 257.608
 277.707 516.198
 991.732 290.03
 383.545 131.577
 191.528 463.827
 844.743 812.721
 670.678 299.969
 321.584 142.33
 617.008 413.683
 486.095 561.377
 362.986 69.338
 508.368 614.949
 876.184 913.126
 703.847 888.432
 202.799 671.682
 494.183 299.434
 928.29 770.89
 814.632 920.023
 60.9203 198.177
 51.5995 251.449
 661.004 895.343
 64.1699 331.682
 195.312 384.754
 473.011 811.319
 797.437 958.107
 372.697 160.423
 27.4446 880.064
 774.373 902.628
 793.19 478.22
 791.06 994.99
 149.902 285.243
 294.424 78.1925
 56.1333 109.056
 997.215 116.054
 306.232 48.8145
 366.502 966.236
 943.157 429.672
 297.918 138.469
 813.426 769.929
 948.788 610.863
 728.036 321.485
 770.287 754.48
 201.549 544.659
 657.108 993.74
 22.8793 448.169
 988.729 171.781
 732.412 283.153
 248.974 787.545
 391.208 246.189
 902.599 696.441
 294.004 269.101
 662.677 237.161
 697.773 959.594
 374.63 511.2
 729.523 323.418
 122.063 457.559
 643.904 891.35
 212.039 844.453
 436.009 868.148
 838.192 457.888
 316.317 826.921
 628.67 48.7286
 110.074 876.644
 835.274 500.283
 122.833 737.873
 196.723 415.837
 6.97413 858.4
 651.997 703.748
 817.994 26.6275
 214.947 547.518
 349.046 336.01
 5.07677 991.949
 227.36 216.116
 836.402 662.369
 84.2638 674.595
 120.257 399.58
 501.516 747.927
 447.309 610.59
 624.571 282.583
 110.873 746.404
 20.4558 306.596
 162.241 26.4299
 164.996 813.238
 729.178 981.99
 838.866 943.125
 529.508 187.912
 279.135 533.585
 179.861 505.495
 748.701 16.2632
 167.864 831.964
 689.858 287.121
 231.545 191.374
 35.0485 677.854
 800.964 658.62
 959.437 910.837
 405.024 978.893
 217.433 566.264
 5.32244 381.429
 379.503 733.5
 363.419 218.368
 676.625 891.927
 405.28 954.759
 425.511 584.141
 460.254 174.212
 599.404 627.118
 6.17653 289.262
 913.239 236.721
 479.636 947.288
 913.575 280.6
 605.907 873.012
 191.437 10.9312
 851.904 407.87
 576.196 856.227
 788.299 954.698
 589.727 151.718
 173.067 266.351
 43.6447 577.346
 221.111 468.156
 161.487 680.365
 641.368 759.891
 307.483 646.545
 49.153 220.722
 882.266 527.789
 168.01 795.841
 807.389 772.917
 668.853 997.825
 782.848 520.757
 405.695 359.044
 376.984 193.994
 313.742 965.711
 344.712 485.809
 232.062 387.357
 63.1551 452.173
 854.513 223.642
 132.538 495.881
 982.533 439.021
 142.426 31.6864
 658.743 24.6922
 558.475 825.753
 819.534 365.864
 598.67 488.387
 363.689 381.519
 9.14411 768.385
 739.562 385.128
 961.379 53.3045
 350.839 306.091
 538.113 581.902
 692.448 600.268
 34.075 546.96
 822.911 165.613
 42.8418 805.444
 603.635 184.268
 836.13 262.378
 207.96 394.605
 88.1314 27.4936
 759.469 685.802
 514.88 123.158
 67.3202 523.024
 890.543 805.883
 907.153 851.922
 858.187 257.992
 158.012 396.3
 838.894 849.46
 995.569 871.969
 396.42 818.479
 37.5822 438.262
 623.923 640.217
 621.53 460.053
 901.595 828.49
 853.659 988.726
 854.984 613.128
 674.528 369.864
 735.286 740.848
 891.888 625.829
 546.731 799.041
 477.751 404.918
 57.0333 634.763
 800.218 894.927
 484.223 795.787
 766.896 879.643
 614.266 803.478
 317.905 238.189
 443.695 938.435
 697.243 345.29
 766.925 550.902
 334.017 621.909
 164.03 8.54482
 990.773 898.316
 748.393 882.662
 524.146 295.124
 681.703 1.89648
 699.042 737.736
 635.66 499.26
 632.663 119.883
 295.047 399.559
 998.526 908.313
 203.037 316.432
 146.503 645.733
 254.867 842.745
 990.023 21.7925
 393.647 324.04
 642.702 556.677
 331.585 633.475
 454.993 79.9776
 516.136 978.139
 374.102 197.839
 979.035 73.1435
 934.575 614.695
 571.404 567.238
 733.578 865.451
 965.797 732.104
 773.764 168.835
 48.5353 919.267
 813.567 302.402
 762.012 803.59
 323.195 155.659
 127.63 964.897
 711.336 458.214
 598.371 166.329
 537.192 114.508
 144.468 910.294
 311.347 123.503
 982.437 245.922
 737.198 553.841
 812.16 470.775
 419.292 777.957
 202.879 193.056
 945.792 250.414
 112.323 759.359
 551.817 873.336
 562.949 874.011
 28.9953 689.579
 838.908 739.332
 147.794 437.279
 904.661 683.986
 550.787 49.1288
 594.28 861.134
 171.632 576.717
 107.056 907.83
 130.558 918.216
 378.605 548.85
 696.173 580.484
 740.906 641.964
 829.898 852.23
 401.323 381.715
 725.565 963.272
 255.726 753.561
 652.852 94.6339
 492.892 799.646
 530.913 397.553
 483.631 81.7004
 445.682 77.911
 941.834 616.314
 653.628 48.8902
 524.144 783.186
 966.106 901.749
 332.035 662.278
 482.232 72.9416
 304.242 312.13
 924.171 704.566
 692.845 649.737
 667.838 947.571
 403.297 320.69
 42.2049 895.19
 120.335 572.118
 292.743 602.967
 652.819 737.425
 679.878 594.653
 353.739 333.505
 642.543 876.883
 116.691 608.649
 778.632 447.727
 270.927 260.864
 519.668 574.17
 571.994 443.839
 278.735 264.839
 93.5758 945.573
 212.41 495.873
 266.263 253.615
 391.063 385.598
 824.734 682.806
 987.565 477.552
 420.232 667.443
 72.2052 772.971
 999.948 713.748
 649.854 116.639
 322.397 428.485
 563.366 592.325
 688.349 83.0337
 166.494 260.344
 525.873 444.23
 524.183 618.449
 389.803 735.594
 114.322 655.066
 988.209 504.385
 40.6641 812.942
 187.191 28.229
 290.495 606.423
 694.672 361.7
 379.394 694.62
 75.4483 29.2478
 810.259 396.846
 456.733 373.624
 988.17 145.083
 455.658 154.665
 404.426 980.531
 597.894 927.61
 598.98 986.697
 663.203 712.302
 641.763 651.412
 216.687 681.427
 464.355 402.878
 708.656 753.849
 9.30087 403.328
 115.549 387.695
 97.9472 189.997
 415.943 907.206
 585.843 871.676
 280.83 574.013
 16.7586 735.488
 727.678 420.185
 716.019 325.573
 347.795 314.999
 312.27 10.9979
 27.3009 953.033
 661.41 242.988
 634.46 125.765
 644.866 343.116
 878.614 653.166
 745.444 993.163
 40.8612 842.391
 183.16 455.804
 749.597 768.003
 327.48 30.4277
 342.016 343.238
 764.916 69.6944
 762.423 480.936
 394.267 110.218
 794.935 705.537
 120.216 821.236
 658.57 780.626
 64.2233 293.031
 905.39 708.089
 635.147 784.004
 361.255 380.591
 777.166 401.117
 222.983 959.326
 855.92 971.58
 727.329 183.4
 2.00781 69.345
 525.638 765.924
 138.039 288.061
 246.86 531.306
 397.279 41.7943
 236.844 516.495
 862.03 894.414
 297.121 925.253
 187.444 202.511
 633.342 821.592
 985.515 993.597
 202.183 762.681
 394.714 424.166
 722.008 250.634
 395.746 449.337
 433.034 396.753
 517.682 957.672
 162.677 654.721
 245.734 408.537
 186.027 642.013
 449.331 421.871
 158.508 311.361
 316.285 454.628
 236.614 502.729
 656.139 868.956
 324.321 641.654
 862.554 525.504
 404.336 257.268
 948.669 126.343
 506.902 344.415
 574.68 938.936
 740.168 92.3615
 896.609 901.846
 746.082 142.343
 310.382 931.11
 783.355 758.714
 352.981 940.863
 70.0747 668.266
 395.492 305.689
 170.995 51.6312
 174.645 494.316
 692.286 37.199
 19.82 96.6214
 293.467 967.489
 221.965 799.369
 311.904 795.645
 738.305 52.0723
 887.006 634.914
 952.918 633.089
 776.257 263.3
 564.199 559.612
 22.014 916.18
 500.475 91.0887
 584.446 894.967
 395.778 754.441
 945.598 569.423
 248.757 637.884
 605.622 267.577
 733.505 898.089
 235.066 954.47
 697.458 545.971
 750.115 435.763
 597.043 637.121
 70.677 549.961
 270.21 845.934
 812.261 833.408
 405.546 833.275
 749.588 905.021
 923.364 334.034
 799.988 319.141
 88.4745 745.587
 887.564 336.232
 383.471 493.186
 602.809 116.976
 391.275 836.875
 71.4463 88.7326
 382.846 820.561
 523.496 978.889
 457.682 593.173
 528.849 726.892
 439.106 341.11
 560.3 843.652
 174.386 309.888
 748.673 97.7493
 642.921 548.662
 415.891 730.396
 294.249 303.455
 66.6276 676.72
 795.641 668.437
 792.696 186.916
 505.312 863.142
 274.649 887.158
 683.703 797.145
 866.047 141.385
 390.317 394.896
 867.276 828.423
 735.007 427.576
 672.076 908.392
 736.464 420.749
 6.14155 379.385
 968.411 421.032
 109.781 262.66
 723.487 175.409
 938.379 519.129
 842.846 731.075
 705.045 348.158
 594.217 978.694
 235.316 277.92
 775.839 101.362
 418.305 166.156
 495.259 285.581
 993.58 230.265
 712.158 665.655
 138.658 448.622
 86.4043 143.799
 827.007 54.8153
 563.832 935.788
 316.475 287.319
 111.197 254.854
 805.448 953.043
 984.929 510.493
 301.2 579.146
 489.187 535.516
 856.066 265.026
 635.878 274.37
 430.182 131.137
 558.952 423.762
 360.403 271.109
 89.4172 498.06
 718.731 174.822
 640.86 545.738
 228.637 204.691
 481.526 544.112
 491.01 591.723
 797.966 296.458
 544.766 782.895
 805.95 844.966
 362.041 295.137
 380.482 218.106
 559.163 16.36
 491.477 988.346
 146.497 50.4285
 412.108 505.9
 320.538 500.525
 3.95978 39.2684
 674.346 643.819
 584.006 901.983
 847.511 65.5319
 446.095 338.52
 656.255 244.061
 633.978 201.02
 26.9556 439.928
 45.9862 387.996
 734.066 425.468
 605.103 293.229
 440.828 96.5798
 281.575 586.325
 146.008 692.682
 92.2243 465.546
 193.207 95.184
 503.814 866.554
 738.003 87.8204
 768.537 585.514
 152.352 214.632
 923.034 807.607
 457.692 557.012
 8.62749 483.648
 995.941 53.6137
 870.644 730.006
 478.081 475.747
 23.2356 917.909
 571.327 303.81
 504.234 716.335
 995.493 595.458
 181.881 188.7
 689.642 684.696
 55.2537 427.646
 771.516 822.79
 13.1597 922.868
 37.4219 935.194
 730.475 494.114
 492.207 738.103
 976.762 488.147
 790.717 847.406
 218.154 268.798
 323.154 240.389
 186.707 893.481
 543.2 689.941
 609.816 538.693
 285.4 790.697
 726.393 974.042
 475.393 780.647
 401.688 246.909
 603.437 413.847
 169.777 639.859
 349.042 899.253
 133.973 840.248
 637.356 110.735
 328.395 428.072
 957.141 545.549
 695.87 280.295
 784.939 881.577
 173.775 328.139
 571.519 782.591
 865.831 855.918
 573.289 592.224
 829.96 48.6816
 372.871 231.648
 294.591 975.308
 644.495 463.368
 615.166 992.537
 362.621 748.139
 832.785 998.976
 857.874 161.181
 427.048 815.015
 705.73 122.918
 95.3101 490.668
 4.4959 268.085
 817.807 575.015
 50.6768 683.638
 430.933 622.965
 275.863 260.893
 670.647 647.733
 491.541 964.238
 623.041 136.037
 427.605 238.207
 128.574 789.226
 985.347 960.359
 788.202 843.221
 121.539 215.251
 658.236 826.269
 337.169 752.546
 316.938 340.665
 20.6319 134.745
 914.68 70.3087
 817.383 345.613
 692.274 93.2456
 605.506 362.921
 739.979 97.0472
 327.159 363.02
 232.084 753.764
 600.227 359.658
 542.99 585.574
 320.017 331.192
 428.795 440.556
 545.443 87.0315
 266.825 881.612
 838.578 582.763
 222.277 858.21
 716.507 136.956
 927.519 533.89
 481.569 619.793
 626.136 87.0749
 981.714 366.115
 183.122 308.872
 728.135 414.206
 62.6364 328.362
 772.864 604.627
 912.936 92.8804
 934.819 341.732
 532.436 480.262
 427.763 798.261
 361.874 266.341
 381.024 583.151
 124.551 97.5312
 719.107 52.0695
 630.422 200.676
 670.862 256.558
 286.751 652.576
 621.672 468.873
 960.448 349.807
 882.079 23.0845
 677.169 654.943
 626.711 590.106
 746.824 561.53
 930.838 279.26
 41.7922 358.601
 77.5212 402.666
 623.942 457.545
 984.817 747.493
 554.076 703.924
 798.562 184.498
 903.601 469.424
 440.055 190.352
 122 61.7278
 658.225 82.448
 410.535 540.305
 104.533 87.7045
 195.248 730.244
 676.81 941.072
 291.774 607.648
 220.332 332.566
 965.249 296.853
 734.232 589.19
 753.398 719.049
 336.683 307.474
 422.974 135.245
 490.972 326.574
 603.669 930.028
 515.926 724.669
 990.755 174.152
 806.117 401.29
 713.457 909.65
 487.995 907.705
 639.893 164.805
 848.777 930.667
 771.453 69.1087
 263.233 736.702
 364.962 996.465
 325.892 118.36
 715.515 661.576
 424.834 138.488
 795.821 914.806
 464.063 399.49
 844.834 978.989
 124.159 835.589
 153.141 929.277
 236.88 865.598
 838.927 723.875
 773.303 478.82
 887.68 622.079
 409.487 659.133
 690.188 671.721
 395.835 55.1498
 668.186 720.728
 172.51 383.701
 382.303 596.344
 521.189 178.124
 511.15 984.252
 576.614 355.984
 963.241 699.774
 191.573 116.382
 629.051 427.453
 980.979 467.977
 151.328 754.282
 945.798 39.0078
 376.361 355.285
 697.141 66.5492
 27.0058 92.9767
 120.699 694.192
 812.705 292.209
 77.8929 195.008
 887.552 598.082
 372.132 398.702
 582.334 947.747
 753.686 545.575
 647.52 944.26
 660.957 276.571
 371.713 641.936
 743.548 522.04
 396.218 689.346
 560.048 771.579
 44.6308 257.189
 837.128 70.6366
 349.166 956.827
 763.829 161.871
 249.036 840.721
 355.879 136.588
 438.804 727.011
 534.29 21.1375
 674.757 287.977
 565.712 322.278
 232.236 226.669
 597.849 602.949
 867.605 341.397
 124.989 263.822
 30.7429 684.038
 35.401 74.3737
 940.227 871.529
 144.01 289.393
 828.356 906.839
 450.264 77.3916
 747.56 805.143
 212.98 186.364
 532.154 746.27
 206.501 206.911
 34.2465 771.214
 528.189 265.483
 996.882 126.038
 867.432 864.487
 466.435 991.421
 128.309 496.178
 675.459 162.71
 569.552 615.686
 34.2393 712.562
 904.08 861.595
 619.401 354.344
 937.987 366.961
 159.486 150.967
 552.325 690.64
 896.236 757.826
 896.551 929.483
 529.04 424.74
 194.966 525.922
 549.778 62.3975
 390.409 16.2132
 53.8187 517.719
 511.391 728.278
 679.429 80.9426
 343.964 712.668
 792.504 248.043
 574.264 411.905
 601.387 512.251
 777.866 759.873
 662.217 330.19
 450.514 558.454
 88.0164 347.065
 487.937 616.056
 770.805 681.902
 141.978 320.584
 743.3 531.387
 335.797 796.118
 49.106 846.188
 524.396 727.535
 926.131 867.36
 440.203 718.635
 115.403 14.4671
 130.54 715.79
 525.718 907.406
 475.663 187.935
 237.596 925.177
 745.389 324.612
 272.242 233.325
 939.668 43.0474
 914.227 81.6464
 362.631 657.527
 612.034 697.428
 453.645 660.14
 543.616 977.042
 387.675 469.747
 844.401 826.878
 188.382 958.805
 840.345 317.922
 674.595 366.063
 225.327 150.258
 552.998 461.923
 75.4351 298.386
 785.536 346.677
 530.711 725.204
 388.725 444.939
 805.851 750.356
 102.466 417.884
 447.784 555.111
 78.024 990.4
 532.153 464.699
 460.147 376.554
 291.577 647.529
 335.359 131.922
 964.451 9.95349
 496.985 189.778
 159.212 49.9823
 650.701 233.647
 347.369 436.237
 579.324 877.08
 161.441 967.048
 322.019 966.292
 717.404 423.484
 384.176 165.188
 977.595 461.2
 155.588 509.748
 924.899 614.736
 885.302 216.476
 262.265 220.661
 347.397 226.715
 229.615 843.382
 415.493 387.826
 892.364 66.1945
 620.473 239.733
 501.432 199.797
 116.813 661.873
 166.845 437.831
 628.165 883.249
 860.316 12.3413
 48.4374 837.911
 472.542 203.026
 347.659 397.441
 816.761 232.961
 612.916 79.0259
 452.622 959.314
 304.741 681.237
 802.696 719.234
 69.0629 695.06
 784.429 688.536
 933.793 285.86
 887.332 50.6059
 946.733 54.1775
 487.437 574.898
 936.427 347.753
 586.24 983.864
 185.664 58.7812
 186.89 532.323
 455.222 3.65123
 764.284 68.1381
 81.6771 216.906
 27.4518 385.418
 897.143 829.148
 104.652 965.206
 524.208 888.081
 653.741 458.001
 173.941 541.074
 507.607 120.675
 594.251 994.044
 694.573 530.678
 341.797 280.813
 514.542 526.46
 338.594 700.432
 58.7827 792.816
 703.083 822.066
 859.954 783.76
 38.9724 886.406
 169.179 935.115
 715.553 272.831
 900.321 239.761
 160.912 554.062
 696.762 333.853
 95.1356 204.369
 453.528 688.387
 198.413 148.101
 219.065 539.209
 427.914 732.607
 65.6692 765.508
 433.039 123.452
 558.324 136.122
 944.518 418.278
 918.883 982.491
 304.684 88.0613
 917.606 20.2375
 359.892 817.926
 258.999 519.804
 371.988 954.761
 852.657 466.124
 159.129 306.185
 154.511 356.542
 453.287 372.576
 894.751 880.201
 105.183 959.42
 645.71 537.222
 82.872 204.034
 672.344 27.3902
 621.312 591.227
 9.88082 924.996
 678.288 926.487
 944.234 38.1806
 744.413 203.233
 556.985 116.401
 157.993 409.642
 581.525 316.123
 714.827 735.036
 671.664 168.114
 107.611 566.415
 48.3154 211.794
 525.836 693.025
 748.016 607.708
 896.059 420.36
 634.098 517.371
 11.5872 642.979
 442.367 688.876
 569.465 386.601
 726.056 313.878
 588.834 283.041
 429.279 745.827
 691.683 10.8036
 61.9498 406.51
 744.839 732.614
 573.624 851.45
 299.03 620.94
 63.2442 823.865
 313.965 810.26
 431.573 210.024
 230.62 65.6705
 726.395 241.207
 707.649 168.762
 929.083 277.114
 554.363 655.139
 589.992 143.197
 937.18 19.2708
 888.025 628.863
 29.0744 948.974
 35.3726 772.914
 681.589 607.997
 624.364 979.618
 228.936 686.608
 803.484 541.901
 496.868 235.057
 750.925 726.488
 299.727 477.319
 966.696 7.37613
 645.081 895.779
 283.49 199.445
 550.918 872.482
 341.642 488.098
 890.753 229.667
 116.96 918.827
 178.641 151.333
 691.741 859.23
 758.33 316.105
 838.848 986.266
 2.71297 642.332
 528.167 498.581
 876.388 279.092
 225.069 176.116
 755.411 191.765
 182.492 400.492
 87.5437 464.982
 598.937 637.461
 337.464 939.579
 125.559 228.217
 169.246 241.519
 147.045 346.887
 391.852 837.786
 206.117 150.182
 153.891 44.9653
 136.448 155.604
 686.297 663.615
 653.185 562.686
 941.707 877.254
 737.801 697.118
 69.0191 919.293
 97.6102 155.563
 384.275 695.547
 792.024 720.739
 635.127 916.583
 947.956 803.373
 158.103 95.0009
 150.26 548.955
 931.787 355.377
 698.137 85.6772
 399.342 833.585
 240.281 85.6394
 497.2 892.465
 647.325 438.907
 769.72 385.126
 136.025 837.739
 304.419 232.635
 992.301 687.694
 927.183 784.326
 408.433 562.309
 700.909 356.389
 365.682 858.012
 450.39 514.942
 406.967 382.177
 869.318 105.104
 466.854 268.661
 937.689 706.135
 353.3 434.89
 598.6 999.625
 872.797 368.32
 384.751 8.82223
 206.058 688.171
 240.458 198.36
 375.865 167.64
 981.685 783.298
 728.95 682.594
 139.687 94.6314
 540.606 589.077
 608.573 946.573
 970.253 477.891
 51.6774 437.107
 745.552 988.367
 143.242 98.8518
 423.257 740.842
 98.4768 296.054
 109.162 482.228
 303.876 314.22
 170.399 543.333
 511.579 545.263
 709.974 493.265
 328.561 438.923
 175.859 467.248
 532.555 715.465
 56.3246 141.128
 662.038 26.578
 618.019 712.715
 462.685 363.571
 701.082 604.927
 461.423 124.338
 345.769 558.9
 419.392 453.931
 41.1281 722.268
 767.15 210.527
 265.601 278.73
 754.79 974.575
 770.994 83.3514
 413.498 945.853
 549.599 945.053
 661.318 604.924
 86.181 323.356
 630.502 703.2
 36.0707 93.1871
 66.7714 736.153
 697.114 527.194
 859.491 42.8833
 86.0944 278.883
 495.814 126.222
 1.15097 262.964
 335.749 265.752
 540.694 90.5396
 240.327 311.688
 172.891 652.825
 257.541 721.49
 597.879 917.859
 326.414 683.06
 241.215 955.916
 386.26 276.285
 49.1029 452.031
 12.4381 745.217
 978.226 870.929
 787.1 64.3201
 149.812 282.914
 189.543 149.963
 544.879 524.292
 414.716 85.5727
 613.831 654.043
 396.261 785.722
 306.868 652.803
 507.213 903.747
 570.662 832.627
 586.806 810.876
 788.542 972.066
 87.1617 836.645
 424.097 98.5998
 581.862 402.323
 968.529 368.963
 465.643 118.342
 650.877 654.186
 267.305 195.756
 178.478 681.021
 280.328 791.309
 335.063 675.59
 577.032 640.932
 328.392 84.2442
 544.678 898.054
 915.871 131.485
 708.93 704.413
 103.551 795.092
 541.059 526.648
 892.692 122.921
 927.972 861.221
 490.884 393.615
 978.562 141.761
 47.8006 245.867
 336.516 225.278
 925.888 615.845
 16.5873 260.951
 291.434 592.619
 900.883 618.827
 675.863 445.561
 516.88 591.734
 576.046 225.81
 296.147 678.597
 20.902 836.206
 205.245 912.594
 958.127 133.216
 773.814 449.011
 525.831 752.376
 589.771 572.632
 997.244 925.288
 796.91 923.131
 541.133 812.497
 184.083 831.567
 405.116 84.9651
 450.394 80.9791
 529.526 966.274
 671.713 105.572
 192.084 966.86
 783.168 211.986
 803.066 987.413
 124.58 761.193
 120.63 897.394
 210.204 645.461
 649.771 798.975
 218.092 647.014
 724.263 15.0024
 570.146 265.396
 826.5 753.228
 96.963 231.616
 837.193 546.357
 311.595 366.72
 512.631 982.308
 471.291 703.715
 949.168 254.46
 914.702 752.234
 241.873 39.2815
 513.427 361.502
 935.676 722.63
 6.96287 585.446
 521.605 224.055
 232.461 245.868
 238.058 801.607
 510.264 64.5573
 554.835 606.227
 295.173 392.028
 152.584 605.768
 757.748 664.215
 588.075 229.039
 367.93 537.243
 482.499 282.631
 289.477 723.371
 320.913 801.904
 84.8737 256.588
 524.534 90.8365
 841.035 46.1393
 313.892 73.4956
 291.008 550.95
 874.102 800.271
 614.507 428.937
 406.498 908.68
 819.966 558.082
 514.447 577.714
 222.297 102.523
 805.753 589.226
 638.766 288.252
 870.858 927.243
 11.6232 191.77
 729.146 95.4968
 447.359 253.68
 185.333 288.394
 298.82 498.225
 360.889 588.827
 49.1748 234.991
 389.099 662.682
 662.929 794.597
 571.361 482.894
 352.679 85.8088
 60.6077 573.976
 187.331 865.361
 163.202 825.097
 153.612 34.0601
 752.34 164.235
 224.83 481.486
 258.732 671.189
 734.167 443.066
 958.583 32.9864
 940.291 319.472
 620.814 988.466
 553.463 9.91253
 651.147 216.392
 803.51 222.509
 698.286 156.189
 307.318 757.893
 729.165 493.649
 623.254 891.368
 318.746 775.866
 924.428 71.0858
 939.101 149.258
 551.572 197.834
 819.447 285.738
 639.899 778.03
 317.725 580.19
 97.5013 937.539
 568.656 649.964
 946.451 219.803
 865.356 749.961
 441.312 563.642
 905.15 747.63
 321.535 634.315
 241.279 943.789
 525.683 559.025
 719.655 450.11
 629.111 658.756
 598.368 180.683
 855.59 417.816
 465.421 495.489
 195.845 782.146
 75.6793 292.346
 719.684 643.335
 941.311 666.136
 862.138 806.667
 416.096 303.45
 370.308 321.246
 51.08 690.843
 954.561 291.359
 634.632 480.244
 849.384 354.287
 929.354 478.494
 13.0429 527.723
 658.177 867.633
 944.538 123.598
 363.122 140.384
 904.744 437.801
 431.73 624.428
 81.1362 373.041
 290.564 942.274
 179.708 705.66
 245.725 549.016
 26.9062 295.805
 239.859 980.468
 586.163 873.491
 460.712 435.547
 227.777 390.066
 913.041 239.82
 916.789 571.218
 107.453 861.328
 693.816 469.575
 1.7112 598.559
 906.376 432.441
 222.987 986.512
 804.482 512.551
 928.787 983.19
 218.211 174.512
 532.206 244.117
 469.316 771.064
 224.585 55.4797
 644.555 684.296
 490.027 871.333
 74.3626 403.068
 111.153 990.152
 973.286 217.606
 851.479 667.101
 686.181 852.19
 265.661 592.557
 284.632 487.648
 579.07 89.1139
 999.199 507.857
 72.3036 217.41
 681.368 603.509
 460.528 150.685
 374.574 684.112
 205.164 19.129
 368.409 694.191
 889.462 441.771
 97.2588 999.615
 431.923 70.5444
 217.221 283.402
 736.646 902.403
 135.593 2.3064
 494.96 419.225
 488.955 74.03
 507.338 488.154
 580.887 578.642
 704.564 262.255
 182.151 165.092
 411.94 555.725
 848.204 616.104
 573.854 216.613
 310.295 463.316
 657.384 406.554
 462.931 89.3074
 476.098 679.152
 371.71 212.744
 581.555 506.303
 214.05 76.5148
 924.527 702.005
 149.545 431.866
 190.159 729.432
 10.5077 893.723
 990.687 191.659
 58.8146 402.626
 746.384 906.019
 18.7303 320.238
 122.632 328.025
 782.553 779.016
 733.579 245.484
 867.323 209.677
 923.636 239.033
 421.421 505.19
 744.335 634.472
 580.705 668.863
 336.477 729.25
 100.728 525.636
 458.682 110.236
 419.358 449.368
 300.895 477.173
 850.995 47.2786
 383.192 868.725
 366.516 504.823
 196.75 149.069
 283.839 929.329
 393.553 151.162
 139.007 317.189
 389.195 559.428
 821.379 133.531
 193.9 402.085
 801.393 529.377
 131.335 901.121
 55.0125 589.017
 11.3573 473.371
 38.3848 311.252
 949.544 888.379
 357.531 332.736
 757.104 723.047
 836.559 952.854
 871.116 120.398
 882.184 264.669
 270.56 21.1905
 580.858 658.755
 579.619 402.238
 791.286 772.519
 803.323 592.679
 301.896 933.658
 493.8 355.909
 522.674 504.158
 828.28 560.059
 814.41 777.824
 448.438 171.94
 110.559 205.542
 893.987 946.118
 158.396 765.103
 66.5165 40.5801
 29.7728 336.077
 60.7707 609.631
 993.832 639.39
 11.8692 785.118
 411.909 814.192
 377.797 712.805
 747.849 870.597
 68.7131 270.523
 374.755 895.993
 829.582 189.164
 673.816 278.02
 360.105 783.376
 482.562 254.092
 729.494 639.959
 19.1955 795.011
 679.539 47.9683
 131.087 739.31
 656.6 124.919
 378.699 667.469
 909.037 789.608
 481.661 286.833
 502.412 229.51
 157.431 570.125
 499.033 531.185
 466.118 328.615
 719.35 139.934
 605.636 79.4545
 922.31 88.1979
 332.547 651.804
 727.157 350.742
 446.815 406.696
 397.71 576.902
 146.005 54.3099
 700.821 523.705
 720.779 609.858
 313.312 202.439
 895.692 814.725
 430.949 53.1222
 384.85 928.982
 583.307 849.968
 257.597 302.657
 988.902 862.233
 381.112 911.212
 949.431 712.658
 563.017 676.588
 63.4003 9.8315
 83.2835 460.111
 585.734 228.289
 513.421 286.555
 750.994 234.199
 895.413 64.3059
 435.638 791.105
 878.03 865.587
 843.227 262.88
 794.569 426.534
 112.848 52.1668
 728.191 101.751
 913.4 109.303
 12.9629 862.831
 820.961 574.98
 539.418 883.361
 583.811 621.702
 343.472 169.545
 848.991 855.893
 455.1 599.984
 90.0919 350.513
 663.29 524.73
 141.618 541.321
 390.318 983.845
 803.201 184.887
 410.379 915.049
 236.054 138.57
 16.8 149.454
 246.873 28.7629
 12.2843 67.8345
 602.742 550.703
 950.196 186.553
 172.404 293.668
 355.098 21.3952
 149.561 809.198
 620.38 238.653
 159.711 283.67
 762.383 300.329
 823.99 152.701
 284.173 627.192
 336.588 693.552
 542.241 571.641
 831.123 558.041
 720.095 77.9963
 585.804 731.379
 144.831 188.546
 282.082 95.0267
 374.1 453.486
 387.695 728.198
 473.882 536.255
 537.396 94.2611
 773.908 696.107
 376.931 536.291
 995.435 200.921
 687.991 279.608
 827.113 24.579
 972.161 369.354
 595.22 803.284
 926.395 315.315
 880.28 512.198
 46.6948 25.1106
 699.745 327.777
 119.137 73.8443
 780.263 505.832
 801.042 254.145
 42.0875 338.438
 347.406 814.996
 34.5444 723.337
 351.287 29.9794
 923.258 39.278
 308.588 750.371
 62.857 280.748
 119.724 657.077
 84.0318 46.119
 971.393 963.312
 557.317 18.0878
 987.422 257.062
 344.865 106.56
 329.906 125.128
 611.392 130.948
 378.272 652.479
 468.386 724.678
 467.475 501.931
 448.015 817.761
 530.91 371.273
 856.039 838.498
 121.644 917.896
 119.246 240.368
 574.974 202.278
 285.487 546.367
 165.59 841.805
 563.454 153.012
 98.8667 907.319
 258.571 427.773
 32.4467 868.963
 557.722 409.719
 521.442 26.1079
 134.398 987.917
 527.039 581.413
 805.678 57.9488
 951.686 661.718
 895.447 73.3295
 579.614 14.6928
 312.698 154.588
 215.971 597.185
 699.954 380.56
 438.99 263.409
 532.572 536.856
 170.728 790.144
 963.629 202.174
 659.107 521.351
 610.894 180.549
 546.459 744.291
 168.466 73.4976
 325.704 973.144
 130.446 277.389
 634.862 25.8931
 349.719 214.476
 39.5859 661.417
 368.063 254.557
 258.602 68.0175
 634.117 696.591
 330.426 166.69
 233.448 500.154
 955.833 197.077
 701.328 614.94
 717.428 312.222
 794.489 263.887
 56.5127 961.956
 336.385 381.216
 935.1 465.831
 657.606 569.962
 490.724 7.32462
 783.438 529.31
 667.741 151.501
 782.867 925.343
 218.519 416.984
 621.934 547.945
 582.673 854.382
 48.0984 538.507
 51.4587 748.426
 153.447 767.887
 60.648 946.936
 31.7738 116.161
 908.892 367.158
 496.377 843.992
 831.99 153.983
 413.954 322.714
 160.307 197.392
 851.024 827.049
 347.893 633.89
 752.391 565.412
 50.8744 374.326
 113.357 632.548
 228.707 160.455
 171.055 279.166
 907.882 323.502
 47.0528 967.53
 270.438 77.8266
 83.6903 179.33
 443.985 579.067
 23.3223 275.975
 732.05 436.277
 597.688 891.358
 632.669 448.712
 718.406 979.562
 82.6024 470.798
 544.974 132.477
 844.123 657.331
 764.025 72.8306
 816.786 934.079
 350.996 724.667
 257.581 397.049
 692.197 527.019
 473.876 774.887
 705.349 916.861
 353.954 727.672
 192.836 86.0047
 163.948 789.524
 976.362 795.617
 238.236 694.769
 775.179 319.838
 165.567 320.153
 451.315 9.69001
 976.484 215.34
 81.5206 793.27
 149.419 431.517
 517.937 406
 827.566 210.134
 932.019 301.442
 984.021 637.369
 218.303 337.975
 365.04 410.139
 422.98 527.988
 199.662 399.342
 323.605 436.898
 94.1112 98.7847
 755.736 258.678
 417.938 207.051
 267.368 394.422
 421.391 347.888
 187.692 569.81
 778.406 704.629
 974.811 605.972
 913.763 906.83
 906.414 897.784
 544.198 124.717
 235.759 908.238
 533.856 657.739
 436.227 732.518
 57.0818 758.832
 169.416 150.193
 856.617 924.153
 407.871 274.555
 131.204 674.239
 667.977 551.595
 22.1272 854.669
 121.406 799.533
 559.298 96.2163
 405.505 473.061
 3.04607 311.918
 370.845 546.244
 435.636 605.604
 454.483 968.491
 263.344 889.71
 701.009 319.425
 648.542 869.426
 468.618 505.159
 793.578 875.489
 778.714 923.782
 549.728 446.691
 475.378 570.855
 301.36 595.783
 370.388 859.658
 691 774.893
 332.719 693.046
 86.811 702.564
 239.29 521.447
 308.168 692.773
 489.938 570.512
 582.483 190.947
 888.937 231.024
 60.3726 357.556
 735.183 852.951
 233.045 513.897
 776.733 781.773
 959.588 252.111
 352.628 260.948
 846.894 722.016
 120.606 537.894
 496.909 452.325
 230.94 582.72
 154.889 469.23
 104.166 462.058
 162.003 593.104
 32.5694 743.486
 783.051 920.507
 973.51 842.424
 278.062 708.693
 695.375 510.107
 222.59 472.108
 291.88 182.177
 723.219 643.508
 442.125 570.113
 365.524 561.731
 108.007 861.433
 14.0563 337.947
 444.153 167.946
 806.177 547.319
 629.003 967.18
 140.424 660.572
 710.666 922.475
 581.079 684.176
 764.899 858.141
 392.869 460.273
 368.248 614.458
 931.381 659.128
 795.636 654.6
 302.636 237.761
 224.713 667.16
 798.492 331.72
 528.594 811.548
 668.667 971.747
 978.494 474.844
 519.066 607.497
 442.024 658.489
 268.069 152.69
 580.964 848.148
 835.866 345.863
 706.29 228.734
 805.136 74.5376
 842.192 736.517
 732.666 637.828
 391.117 35.3017
 874.589 614.83
 701.462 673.081
 945.55 230.056
 484.629 614.217
 201.802 463.123
 89.0611 719.868
 70.6202 530.085
 378.358 337.69
 681.775 958.322
 185.838 517.641
 304.185 891.128
 745.375 109.321
 964.665 587.568
 844.838 697.331
 225.396 235.955
 731.633 99.9846
 849.785 433.095
 772.066 795.335
 662.151 256.695
 409.552 862.953
 718.818 497.613
 582.821 788.438
 27.6983 960.179
 126.128 708.474
 918.501 310.966
 226.115 222.686
 202.093 970.49
 331.007 166.759
 558.058 175.845
 863.089 782.453
 410.8 594.722
 881.438 260.585
 27.8166 653.503
 55.9201 688.967
 909.198 464.472
 551.92 628.016
 961.085 134.741
 416.455 987.783
 94.9202 541.583
 696.257 13.4212
 851.549 921.372
 235.107 53.6421
 891.862 565.114
 219.401 449.92
 739.959 82.4901
 232.373 150.759
 676.212 113.811
 410.344 703.029
 766.314 465.265
 391.996 675.512
 928.736 942.916
 303.529 889.821
 77.657 718.984
 877.604 171.577
 260.566 573.861
 183.998 112.115
 495.233 418.106
 164.757 387.095
 982.22 383.158
 836.015 722.179
 464.648 68.3876
 871.938 140.86
 181.198 282.282
 842.888 946.513
 746.547 234.884
 622.025 675.283
 177.8 924.554
 565.105 254.457
 643.538 442.709
 425.034 903.104
 16.5703 608.033
 15.219 510.804
 26.1381 178.976
 896.899 8.35757
 561.134 732.913
 729.536 25.7815
 800.301 601.474
 165.641 980.499
 882.756 8.52949
 927.012 629.303
 242.413 549.037
 304.586 419.213
 473.591 868.691
 672.67 117.129
 311.399 97.7041
 20.2329 326.97
 704.737 34.452
 836.773 729.875
 212.428 733.672
 737.232 772.562
 466.585 466.768
 797.343 266.887
 68.2421 961.984
 247.386 949.998
 969.514 174.398
 579.301 211.927
 722.435 882.887
 630.141 196.026
 751.577 302.811
 312.155 62.9768
 399.515 331.388
 388.947 104.251
 364.84 225.72
 833.126 576.268
 958.392 570.358
 348.83 424.978
 37.1264 146.173
 690.864 104.368
 108.157 937.25
 54.3666 77.6714
 111.648 632.667
 288.599 833.083
 515.554 917.74
 29.1097 267.132
 220.55 340.265
 329.108 619.065
 670.653 717.055
 722.316 35.4929
 941.775 555.442
 610.761 900.167
 125.8 958.591
 325.145 161.927
 104.764 16.0089
 265.295 211.921
 952.259 318.662
 288.593 63.9072
 950.329 576.192
 895.991 465.883
 493.931 924.1
 732.015 713.481
 264.365 61.1232
 332.546 934.018
 777.178 54.8625
 968.511 718.953
 609.305 579.272
 619.121 734.105
 537.863 943.265
 895.032 641.626
 958.274 160.327
 852.548 910.533
 477.988 141.14
 973.441 428.318
 716.332 869.431
 893.201 210.263
 793.531 625.216
 922.745 57.8964
 685.339 255.291
 990.914 462.517
 309.153 959.425
 181.471 917.458
 538.697 799.591
 651.563 76.5596
 742.857 546.595
 717.186 701.131
 705.922 569.734
 611.664 183.91
 709.874 585.105
 611.227 426.206
 454.536 504.428
 635.47 248.068
 129.644 558.214
 304.964 813.983
 812.505 295.878
 276.5 121.659
 255.303 456.971
 39.1169 793
 256.562 689.68
 868.56 998.418
 236.275 585.746
 699.549 941.196
 155.48 311.214
 125.106 864.354
 895.319 735.334
 290.561 349.855
 239.762 925.03
 596.922 368.406
 483.245 900.886
 182.389 295.75
 196.765 457.889
 416.408 451.068
 913.859 454.525
 244.068 170.421
 144.205 112.628
 168.84 379.48
 697.374 867.389
 320.676 851.854
 178.603 444.783
 716.208 73.9215
 180.116 6.76891
 422.776 418.878
 930.799 19.6989
 786.284 414.044
 919.585 967.673
 708.793 116.35
 425.562 125.202
 566.418 339.421
 578.727 809.486
 508.842 721.932
 921.114 676.682
 101.413 618.489
 544.071 421.089
 470.343 721.674
 864.871 186.551
 794.595 44.9875
 192.32 217.372
 462.866 123.119
 236.071 249.15
 536.163 155.656
 216.823 244.956
 271.006 641.385
 369.158 836.424
 979.806 946.885
 645.91 488.649
 668.818 567.024
 165.331 769.23
 185.512 708.402
 190.319 654.855
 430.075 55.1903
 840.406 224.671
 99.1779 32.7261
 441.042 561.044
 154.845 676.113
 809.194 690.008
 830.769 26.0166
 933.964 101.775
 666.401 303.122
 937.198 646.208
 250.007 583.108
 134.856 917.825
 150.132 299.187
 687.055 334.644
 7.58848 876.374
 988.499 436.664
 930.564 828.905
 660.334 29.7423
 860.631 101.377
 589.786 15.4766
 776.49 398.98
 704.485 607.259
 423.996 638.449
 708.033 90.3975
 940.571 645.232
 735.605 190.578
 228.34 869.461
 108.403 377.471
 168.648 794.458
 711.116 175.237
 670.832 699.615
 610.9 601.396
 528.52 271.235
 630.139 389.152
 371.612 219.925
 403.628 148.101
 617.904 108.113
 754.36 41.9003
 745.561 462.393
 131.298 686.132
 107.625 865.903
 875.71 334.965
 735.364 983.113
 711.436 903.012
 777.571 422.552
 78.2491 448.403
 122.167 688.15
 49.7992 649.687
 958.384 678.938
 38.8389 329.996
 897.863 441.467
 477.098 515.767
 548.58 231.457
 556.667 294.142
 692.851 686.965
 979.274 799.476
 552.868 854.984
 134.441 288.232
 838.096 844.877
 191.245 615.667
 267.429 268.494
 64.0698 388.596
 955.643 112.869
 38.2831 914.028
 790.807 76.1221
 244.024 688.669
 516.589 720.121
 204.436 65.1694
 950.579 760.103
 358.311 643.43
 447.068 337.585
 442.906 998.936
 192.568 576.346
 287.168 30.6646
 421.224 477.413
 645.332 687.653
 744.907 708.402
 76.2485 700.55
 820.27 113.532
 614.578 611.077
 188.654 857.602
 299.747 704.243
 577.723 503.183
 768.412 528.302
 263.286 126.723
 171.732 709.355
 463.308 613.637
 708.291 654.876
 189.984 994.459
 684.541 610.207
 471.872 329.873
 297.86 216.778
 38.2742 373.108
 916.328 857.545
 485.64 530.906
 468.622 673.294
 388.507 767.369
 377.537 965.23
 270.552 145.949
 493.532 532.838
 271.673 664.264
 242.192 733.981
 277.901 949.483
 388.857 466.885
 943.942 73.3979
 77.0918 415.814
 402.271 373.952
 631.592 439.545
 746.06 547.92
 297.089 231.7
 78.8258 764.711
 903.994 466.333
 532.08 281.53
 431.563 801.631
 426.479 924.095
 334.469 697.152
 588.359 575.662
 431.133 865.26
 525.145 818.99
 332.144 469.087
 891.388 408.236
 883.9 293.658
 781.188 515.492
 732.203 527.248
 63.4123 29.2925
 757.947 141.238
 793.004 661.941
 606.571 325.084
 942.471 38.1345
 126.715 368.951
 961.23 460.184
 66.1029 549.589
 35.8462 496.236
 414.848 559.991
 315.225 745.993
 29.0776 206.613
 154.229 911.978
 499.272 934.416
 427.47 231.475
 461.664 489.882
 259.767 219.611
 630.12 52.771
 880.552 236.692
 376.855 823.023
 273.826 502.57
 191.974 235.056
 961.754 257.077
 783.645 996.6
 752.313 198.493
 556.591 67.5382
 943.486 584.669
 273.151 97.7146
 496.647 771.423
 32.1309 923.117
 2.89778 492.795
 412.999 261.665
 711.406 43.1195
 313.436 591.958
 278.811 689.291
 414.982 551.637
 191.86 605.956
 785.694 153.614
 862.033 569.338
 150.215 614.346
 766.832 705.806
 680.884 710.317
 290.475 953.036
 807.032 786.122
 724.459 838.163
 709.238 726.356
 330.958 122.237
 987.021 42.3636
 164.357 300.457
 633.322 442.168
 988.748 48.3036
 992.805 180.608
 653.26 778.499
 333.223 515.293
 347.837 482.437
 129.638 114.669
 188.243 809.522
 823.986 477.718
 762.558 631.018
 263.84 487.016
 469.181 972.078
 213.373 799.139
 94.3152 200.394
 840.502 257.672
 499.851 473.824
 698.84 488.599
 521.128 691.645
 668.207 174.387
 470.144 1.42997
 688.68 816.982
 482.867 817.318
 930.651 670.111
 626.841 754.637
 147.829 389.399
 385.655 410.669
 875.415 853.836
 382.747 88.788
 652.975 476.062
 288.182 493.477
 732.734 787.034
 966.302 431.574
 275.633 487.43
 123.219 942.84
 660.817 592.364
 943.27 349.497
 409.345 426.138
 166.815 339.996
 96.2484 792.656
 94.6329 243.077
 182.055 479.288
 652.746 57.4698
 333.124 35.4925
 145.258 985.099
 510.554 432.44
 478.577 243.288
 219.474 444.878
 673.862 494.107
 931.308 796.081
 436.947 592.125
 388.445 380.218
 940.622 796.79
 805.355 107.437
 136.786 900.604
 899.093 230.419
 143.681 81.1475
 708.707 795.427
 137.617 41.8308
 829.919 281.875
 26.93 340.474
 713.315 504.507
 582.762 931.789
 948.385 256.623
 425.895 879.693
 52.7044 861.842
 471.817 440.149
 242.06 412.439
 236.939 47.4154
 518.876 372.725
 947.019 417.969
 602.143 90.7
 498.116 310.85
 885.127 634.734
 351.681 715.046
 915.609 377.611
 55.5196 628.924
 881.117 637.281
 560.712 829.502
 892.905 985.608
 709.195 944.609
 847.45 181.012
 384.758 89.5103
 592.451 620.697
 135.926 111.327
 992.421 82.9447
 528.296 594.564
 172.645 26.4124
 904.414 57.7716
 660.146 256.095
 771.818 575.755
 632.705 826.337
 204.679 513.823
 463.618 764.391
 343.325 356.523
 749.999 52.5192
 301.132 597.449
 232.531 684.89
 685.959 823.982
 305.587 820.885
 934.309 298.008
 902.83 462.605
 891.572 75.4744
 488.018 795.986
 132.246 148.164
 52.0808 903.064
 722.919 683.786
 729.401 926.597
 197.609 193.019
 690.989 539.933
 548.542 440.987
 591.453 848.675
 38.4362 822.984
 533.565 723.395
 646.966 838.151
 544.28 581.276
 136.159 447.11
 43.8811 27.7309
 521.584 530.899
 822.717 652.83
 678.063 873.798
 555.894 400.982
 557.584 285.295
 327.579 754.193
 477.314 18.5678
 294.126 25.8564
 458.555 884.578
 873.531 495.991
 707.562 407.096
 219.387 354.528
 245.247 762.667
 934.804 380.406
 209.777 977.685
 407.137 730.361
 508.584 229.853
 383.192 186.647
 103.651 938.086
 586.629 660.235
 223.38 913.208
 414.428 699.694
 930.776 707.554
 724.551 389.331
 592.132 598.082
 884.323 299.694
 5.17724 103.709
 653.223 249.424
 865.376 588.027
 628.83 75.1534
 565.712 35.9662
 804.515 74.2962
 264.82 187.707
 259.943 367.471
 125.792 845.572
 27.7061 348.172
 758.781 441.134
 47.8667 689.557
 148.688 771.417
 78.8882 739.82
 369.499 962.211
 39.5141 373.676
 65.9199 691.737
 622.1 930.296
 279.764 250.93
 5.44963 844.476
 285.896 808.964
 917.772 549.716
 995.671 177.715
 916.187 121.463
 23.2876 942.893
 468.636 781.068
 384.027 515.502
 470.625 531.714
 286.92 548.513
 271.534 655.419
 510.724 310.048
 29.0952 575.644
 1.78512 650.196
 505.94 280.549
 900.126 510.39
 125.024 186.022
 319.354 42.7961
 734.738 315.025
 219.511 650.925
 435.488 241.799
 593.818 903.124
 22.8672 976.845
 418.626 492.493
 508.559 704.546
 41.006 779.093
 359.965 550.73
 89.1417 388.06
 126.374 89.9268
 38.2553 631.315
 369.476 937.381
 141.705 493.5
 123.403 460.059
 535.296 857.141
 774.084 753.807
 508.065 209.573
 994.606 101.883
 112.696 17.4732
 78.728 530.323
 508.966 586.287
 234.868 548.972
 365.381 593.833
 99.7018 453.522
 980.893 225.076
 542.449 19.1483
 855.391 910.925
 955.529 996.095
 404.425 78.932
 456.154 938.721
 935.073 230.238
 692.528 443.138
 438.811 687.134
 544.021 550.507
 703.607 621.749
 80.83 212.572
 208.037 314.698
 760.544 572.417
 907.532 859.246
 25.9394 888.425
 84.322 567.389
 906.573 938.713
 478.313 862.102
 934.808 881.738
 940.034 390.962
 820.458 875.107
 620.2 512.986
 318.245 59.0107
 200.12 861.266
 608.518 902.727
 483.016 688.348
 115.299 690.052
 3.04648 874.843
 262.469 909.578
 734.089 287.409
 798.003 817.411
 853.797 704.576
 756.124 332.11
 566.678 690.931
 213.848 506.712
 81.8929 34.3068
 381.819 701.093
 546.293 699.063
 759.104 745.413
 560.33 367.622
 648.139 43.3452
 55.9697 762.438
 732.397 58.0161
 637.281 993.867
 966.594 371.37
 281.275 764.597
 188.781 135.072
 469.172 943.905
 466.183 35.8501
 634.836 679.031
 541.562 715.729
 712.338 922.38
 416.822 258.631
 621.444 175.926
 4.04335 181.773
 542.547 651.183
 224.119 597.517
 413.621 955.516
 654.533 50.902
 949.383 621.127
 421.272 230.658
 385.724 609.054
 364.73 853.897
 552.959 829.913
 888.747 187.795
 508.944 430.309
 902.524 221.282
 352.689 319.346
 478.912 973.133
 494.272 481.956
 154.906 36.8188
 133.138 378.025
 633.336 545.759
 333.541 287.869
 595.661 282.924
 907.996 16.9331
 512.581 293.72
 624.987 876.311
 147.616 177.946
 706.224 36.3631
 364.74 215.167
 465.672 267.265
 435.449 817.361
 585.611 913.361
 790.493 79.8822
 395.317 944.399
 115.701 527.455
 322.424 748.037
 73.214 654.965
 35.9052 667.875
 936.889 942.901
 683.808 449.47
 236.621 308.795
 325.781 383.237
 485.74 32.005
 418.601 849.481
 246.172 883.272
 116.745 680.621
 700.633 701.356
 593.983 491.126
 780.238 988.3
 435.525 894.939
 515.755 756.95
 642.976 587.969
 411.915 677.881
 255.844 348.804
 620.782 938.652
 797.274 856.403
 247.447 123.055
 239.64 732.187
 154.06 657.241
 581.668 399.233
 540.513 697.413
 79.8543 241.145
 398.769 672.837
 731.271 179.007
 661.137 166.797
 73.9461 176.892
 922.746 715.922
 763.861 334.662
 393.802 19.7051
 682.466 14.584
 957.357 479.74
 869.987 204.803
 601.795 109.627
 935.99 754.856
 765.867 517.658
 154.088 306.38
 215.071 232.943
 546.525 612.84
 904.78 277.796
 790.847 565.917
 443.593 863.793
 741.809 366.34
 579.715 505.67
 700.001 972.517
 524.375 382.467
 986.101 481.732
 861.207 856.088
 685.535 463.002
 964.715 621.526
 217.858 730.582
 139.184 370.946
 36.9616 353.255
 602.889 582.487
 965.095 507.668
 859.283 755.943
 73.5853 302.876
 619.736 814.394
 668.216 199.451
 320.064 368.217
 171.968 843.439
 749.684 158.069
 325.171 610.891
 14.1573 10.7068
 73.8929 977.872
 631.233 290.751
 708.454 769.417
 660.697 744.415
 122.672 263.585
 326.902 87.7671
 770.254 186.185
 842.71 842.839
 488.061 462.446
 657.233 156.277
 660.897 976.298
 523.494 831.865
 819.737 273.178
 988.934 144.908
 883.069 3.0914
 154.615 955.962
 979.963 784.848
 246.713 688.417
 554.264 906.409
 432.832 675.936
 169.995 758.734
 762.703 939.249
 943.919 605.413
 782.088 431.98
 67.8586 439.321
 587.258 727.755
 415.619 110.752
 559.62 235.356
 382.93 548.554
 379.264 266
 550.645 532.879
 221.962 530.609
 317.727 467.674
 219.025 870.991
 374.084 650.858
 546.927 543.078
 409.592 309.631
 482.327 353.511
 914.044 264.415
 784.491 980.902
 702.736 371.749
 708.657 118.355
 481.501 268.277
 352.71 863.431
 815.831 730.974
 129.431 366.476
 263.854 350.392
 896.085 580.581
 817.067 115.11
 451.572 191.15
 764.968 997.499
 733.229 174.559
 307.13 215.556
 527.07 221.174
 478.971 311.561
 202.076 181.706
 682.31 909.733
 299.061 163.811
 178.01 650.772
 27.2419 992.841
 381.746 155.673
 359.317 644.6
 505.065 255.402
 225.18 322.132
 369.512 675.752
 512.282 134.479
 673.251 245.511
 308.038 979.381
 460.067 834.108
 200.555 938.038
 145.669 401.631
 119.744 826.979
 311.364 417.805
 989.789 488.374
 68.5767 17.0311
 481.215 449.323
 171.704 839.532
 93.9224 675.769
 94.9335 318.103
 996.901 463.445
 992.855 509.184
 596.924 666.106
 753.695 903.963
 645.488 213.762
 738.071 845.043
 151.799 882.74
 246.673 270.543
 709.718 557.037
 687.348 699.507
 45.4108 754.925
 715.538 525.626
 204.248 886.242
 365.157 297.17
 562.012 459.091
 614.273 558.913
 921.536 607.128
 68.0963 518.461
 273.234 820.791
 422.423 917.721
 34.5529 160.494
 762.764 185.352
 43.234 9.43727
 454.896 751.952
 565.474 142.244
 451.46 609.885
 896.169 166.998
 135.511 100.417
 53.2404 499.668
 396.587 614.252
 957.759 10.8601
 173.165 879.295
 616.988 240.261
 397.756 889.221
 61.0521 819.18
 806.943 94.605
 978.674 569.707
 278.957 21.9079
 578.144 732.853
 772.86 143.618
 874.097 224.32
 752.503 770.266
 390.318 887.014
 869.683 442.558
 386.682 266.27
 56.8103 344.442
 276.13 228.975
 223.737 892.118
 468.236 620.493
 781.339 528.288
 439.673 588.282
 621.893 418.347
 157.989 899.85
 439.255 735.133
 632.703 212.115
 877.751 506.8
 435.435 630.255
 277.066 824.752
 517.269 146.749
 267.311 902.952
 412.019 323.121
 247.393 687.149
 551.096 470.13
 579.267 19.332
 90.6235 360.606
 546.62 529.296
 947.889 168.513
 946.643 105.878
 68.3634 385.898
 840.011 700.067
 597.012 717.762
 206.866 32.447
 348.017 482.932
 856.199 864.286
 628.681 123.51
 767.237 40.6997
 445.631 14.6305
 726.849 995.727
 483.761 306.116
 15.0595 573.384
 665.722 560.68
 102.681 613.611
 728.193 49.3237
 718.489 795.556
 434.221 558.499
 495.623 31.2337
 276.261 701.489
 62.6806 623.278
 184.421 917.88
 487.563 812.102
 41.3904 254.801
 851.802 486.022
 268.431 578.65
 481.749 751.192
 883.766 495.809
 324.576 549.489
 56.4883 426.257
 163.1 783.681
 474.581 880.588
 579.237 907.802
 439.087 74.8596
 938.036 714.348
 775.349 999.716
 337.626 958.77
 917.596 824.189
 770.872 957.987
 78.9898 622.673
 444.009 346.421
 201.324 924.758
 97.6128 85.09
 420.567 421.189
 633.579 476.055
 846.446 795.679
 259.736 321.027
 676.267 837.973
 228.829 115.354
 911.832 166.865
 828.702 687.181
 166.581 166.328
 645.951 84.1774
 989.518 416.822
 42.1642 68.5074
 39.4955 485.173
 413.928 239.819
 409.931 510.541
 323.909 829.497
 930.73 956.488
 305.552 777.176
 752.166 564.288
 98.2033 428.433
 402.261 326.032
 542.787 314.094
 491.897 371.49
 1.27454 657.478
 536.818 646.225
 740.655 526.336
 63.0474 781.819
 593.843 101.543
 266.992 7.77117
 340.362 675.923
 517.312 663.271
 505.42 448.043
 619.759 809.973
 225.219 371.926
 374.261 322.422
 799.359 775.522
 647.455 342.146
 89.6157 139.351
 712.636 89.8903
 795.829 249.454
 735.115 536.484
 774.789 797.163
 318.304 368.632
 897.706 584.296
 375.403 238.068
 260.219 891.716
 900.339 764.64
 339.758 520.098
 574.613 563.977
 891.024 947.874
 885.4 690.383
 723.396 532.854
 32.5287 812.012
 671.206 744.165
 900.902 467.035
 992.618 636.017
 3.51922 767.408
 433.18 320.823
 136.04 330.886
 904.119 510.444
 567.954 164.339
 402.159 468.293
 927.978 740.918
 987.391 502.591
 304.895 878.415
 450.464 190.295
 568.797 173.86
 722.149 600.326
 984.872 393.355
 344.49 885.773
 859.39 337.109
 521.791 861.909
 104.517 953.971
 182.732 239.557
 284.857 86.8513
 749.001 851.811
 250.19 151.16
 320.104 178.168
 891.078 307.495
 679.759 195.973
 185.909 130.223
 385.268 753.706
 303.083 107.417
 354.032 287.955
 499.772 697.523
 173.728 359.162
 34.6317 694.519
 221.071 138.148
 648.49 402.803
 376.705 932.347
 488.654 125.706
 784.158 737.844
 275.866 104.261
 915.012 166.944
 410.756 594.771
 361.916 595.665
 723.994 746.184
 349.371 27.0774
 852.602 702.404
 314.032 352.374
 399.926 486.761
 710.535 433.558
 181.28 930.606
 570.707 828.77
 333.409 946.412
 761.117 821.063
 72.1177 545.275
 558.907 346.984
 648.536 473.919
 512.927 59.2916
 68.6896 873.844
 653.957 791.684
 620.028 3.32786
 817.761 472.629
 704.732 131.793
 824.003 104.658
 617.554 534.538
 537.216 797.834
 465.144 107.923
 626.604 797.553
 54.3345 387.722
 618.616 125.452
 931.996 177.523
 471.436 580.532
 650.441 983.363
 638.824 718.131
 857.206 292.78
 509.815 477.234
 710.535 433.558
