765 87
859 483
588 677
390 147
251 245
90 917
641 761
476 647
263 107
978 933
687 590
380 171
448 443
58 320
67 756
191 522
533 50
4 120
417 84
958 668
329 47
584 660
498 750
997 761
858 974
383 234
563 763
405 702
897 463
712 654
909 904
176 131
644 871
251 751
956 899
419 975
636 693
635 133
443 631
895 991
605 968
224 858
731 319
249 317
472 962
971 70
865 146
201 198
17 142
949 663
40 57
637 366
751 962
499 884
593 83
564 888
51 788
435 472
797 685
789 268
646 759
338 200
906 229
88 613
371 36
275 101
785 912
467 225
874 656
108 156
740 672
734 791
149 168
262 946
543 50
904 188
499 241
78 94
470 166
707 531
894 672
322 678
274 479
903 838
134 701
994 874
62 417
354 902
275 306
537 819
46 440
697 546
371 466
640 531
322 347
61 215
709 73
583 983
552 485
820 686
876 503
250 938
920 604
839 886
601 375
704 647
505 90
192 876
556 833
406 879
870 157
784 268
230 367
251 782
542 761
158 418
264 98
45 874
392 575
759 993
950 152
640 145
934 832
20 179
354 427
57 914
584 532
182 815
589 123
286 130
884 134
238 147
232 284
712 625
859 160
617 498
313 256
643 937
779 354
115 823
781 864
737 54
395 609
559 984
732 846
804 305
670 42
453 903
326 855
217 875
14 834
62 17
781 396
954 249
750 760
71 220
623 498
274 708
797 834
691 218
369 184
524 38
226 667
631 242
521 848
807 225
372 870
243 843
265 887
782 705
646 543
925 268
732 198
666 528
722 356
747 781
231 961
510 457
627 140
390 838
679 196
62 741
65 305
583 20
883 364
725 528
597 649
487 328
538 152
857 950
199 293
731 430
944 240
887 570
70 276
97 439
163 159
179 228
155 452
940 37
506 354
255 103
694 742
431 231
895 978
871 93
270 601
531 790
473 292
757 570
731 920
420 911
838 575
362 777
302 869
131 557
662 825
299 92
746 884
70 616
667 30
908 880
935 128
669 97
420 425
668 842
34 87
752 873
352 804
339 654
362 470
210 23
985 199
807 420
82 877
727 749
597 324
628 531
142 988
319 253
102 987
94 137
764 536
700 806
29 38
459 392
199 359
105 874
559 602
294 641
478 711
80 766
34 398
987 867
385 305
119 178
982 213
5 435
749 705
240 469
743 389
861 942
749 656
506 998
258 800
328 426
200 408
882 925
807 869
791 882
864 911
750 846
814 755
280 563
459 211
722 893
600 272
524 38
928 29
35 876
519 364
993 719
462 874
643 268
742 124
841 296
34 590
141 848
35 111
100 494
322 822
76 923
93 601
651 712
630 687
587 840
741 579
558 202
143 892
161 885
15 692
871 740
281 11
587 6
123 378
191 135
199 267
748 984
868 399
385 188
776 972
27 516
241 275
408 384
857 569
959 872
260 830
301 232
531 889
238 344
957 429
480 846
697 918
829 254
316 213
132 782
876 850
297 807
125 706
881 672
965 839
234 225
358 535
457 580
113 385
924 69
815 93
916 201
11 434
145 17
338 278
800 904
127 96
710 943
492 590
615 457
118 849
682 167
73 829
747 187
904 670
256 718
764 862
609 775
296 755
482 324
723 281
227 540
68 937
483 560
216 788
16 24
326 388
191 399
907 938
586 811
608 533
218 61
394 518
526 380
272 7
394 685
289 621
224 357
247 397
917 153
875 624
178 891
702 369
290 299
307 566
800 605
789 17
666 183
535 191
253 497
198 338
872 487
959 96
534 897
183 141
49 58
455 227
639 156
287 929
145 594
185 945
198 974
653 864
847 878
745 791
65 943
128 937
120 86
723 654
673 907
485 723
655 940
640 293
96 927
913 932
210 97
567 408
761 219
962 608
96 706
398 852
339 526
789 149
302 511
493 976
107 979
388 452
918 718
436 704
645 38
636 855
826 893
954 586
111 605
884 898
1 281
750 340
497 228
179 490
429 672
155 227
340 543
679 258
260 805
652 595
843 978
140 668
870 93
945 671
698 828
569 389
109 8
419 296
236 598
786 665
961 941
582 300
173 261
248 124
756 901
719 599
568 859
957 438
642 901
108 30
729 367
419 528
375 839
824 301
126 300
657 86
931 238
77 104
189 325
228 946
916 637
234 484
496 190
612 137
91 410
858 510
468 277
37 533
115 551
835 932
541 181
18 472
419 95
266 299
110 184
244 26
821 478
200 316
358 502
144 139
912 1
649 69
969 376
603 774
618 437
706 158
618 724
320 727
509 586
25 619
770 960
645 281
127 535
597 486
36 431
315 639
123 655
708 91
721 310
866 338
437 571
187 745
294 197
472 493
474 187
111 934
147 447
214 965
982 502
140 18
933 456
347 55
110 54
147 831
55 12
860 492
273 46
237 257
934 399
750 407
586 861
341 423
307 555
78 980
747 218
688 680
674 34
425 474
88 262
305 143
965 164
326 237
901 563
494 834
652 243
932 237
795 963
351 792
207 429
771 955
647 148
634 11
182 749
485 962
11 480
795 976
334 120
904 234
373 397
759 24
331 380
953 816
342 994
607 549
112 68
503 449
216 827
460 399
576 636
50 277
115 845
252 450
656 846
374 719
243 823
744 264
202 386
79 544
379 376
93 181
444 286
630 661
113 90
750 379
726 800
656 531
334 598
981 680
444 355
399 377
177 833
331 70
218 410
614 287
786 397
468 230
374 97
581 487
878 330
556 293
820 902
825 153
499 495
524 633
850 923
700 718
755 30
478 973
130 782
950 917
179 417
837 553
204 107
730 82
127 285
375 947
877 890
790 375
385 313
699 925
235 88
332 680
119 810
652 940
592 601
856 461
708 382
13 913
179 433
685 306
408 59
252 284
640 733
349 24
45 738
949 972
827 972
651 636
781 994
575 62
284 121
523 993
193 226
595 373
659 279
679 757
28 932
40 668
664 390
692 399
127 331
370 644
302 712
279 773
705 855
836 989
976 48
671 168
275 265
231 624
544 911
381 573
842 421
240 195
501 623
284 319
954 655
963 946
56 933
718 761
787 243
439 452
292 801
310 257
65 542
881 300
452 952
563 984
373 493
869 564
115 152
573 759
497 536
394 553
158 803
3 945
45 133
86 27
934 86
284 689
318 856
989 460
807 241
443 870
735 1
124 540
154 697
990 341
232 383
895 80
876 588
24 612
721 801
639 344
888 614
33 205
159 21
666 966
954 799
836 688
801 960
918 645
346 907
676 269
981 260
349 856
849 374
157 259
865 797
604 442
100 637
648 259
348 3
915 301
492 750
679 983
399 597
317 746
193 994
14 173
253 53
720 792
427 877
51 983
363 655
424 153
982 762
102 19
765 17
321 948
457 1000
930 857
596 938
292 480
931 997
653 874
49 62
666 167
630 717
840 993
61 263
837 733
25 939
752 480
956 72
427 413
763 47
960 48
985 942
528 605
628 872
478 367
934 143
224 563
550 63
246 301
327 82
33 42
711 786
212 667
548 330
770 0
377 729
49 51
360 267
656 988
138 133
44 72
968 269
325 517
22 571
819 349
343 542
81 745
17 294
411 566
624 871
566 691
289 305
742 649
573 87
326 711
911 370
473 878
329 799
85 352
59 594
391 93
135 473
838 153
767 939
409 80
499 975
771 788
971 202
436 543
289 452
944 890
822 417
768 842
906 543
193 965
136 584
748 271
56 275
114 513
213 523
283 712
498 53
189 158
946 315
701 925
767 644
815 279
60 272
120 966
815 313
621 951
897 368
912 644
644 26
847 547
549 130
950 737
874 829
895 820
144 285
744 911
930 248
189 680
520 309
336 334
312 647
975 209
705 577
543 38
603 389
276 842
519 225
269 393
53 854
903 888
139 336
799 759
585 678
128 795
988 154
129 990
801 794
889 196
370 431
234 663
821 510
195 29
425 464
112 169
7 14
56 837
41 545
285 626
223 414
420 901
258 239
890 750
724 779
946 784
209 870
447 720
70 332
750 185
486 862
354 493
567 101
330 608
646 305
924 559
719 343
459 668
273 349
417 997
818 52
470 26
922 917
437 682
248 186
868 734
738 912
918 304
12 938
912 349
242 525
598 652
869 57
319 832
96 426
518 914
478 988
630 89
595 66
772 533
943 329
267 681
240 875
675 944
812 277
983 744
802 580
395 360
637 714
191 733
830 399
336 307
387 657
87 672
723 549
204 666
878 161
36 117
35 711
60 537
988 42
281 790
313 676
149 950
80 31
373 910
430 399
908 507
55 995
178 469
543 383
134 110
544 861
227 270
571 979
807 249
711 87
38 23
764 878
664 534
599 36
443 29
125 40
226 181
34 95
650 267
478 474
377 712
334 295
982 595
273 789
844 674
566 572
698 329
140 361
553 739
87 997
458 903
36 685
83 762
780 423
719 948
897 787
659 921
81 331
516 44
810 49
718 375
312 105
395 452
156 948
190 243
634 339
146 361
714 920
813 493
343 531
130 930
317 479
851 88
810 56
132 619
796 541
995 107
646 79
249 803
26 130
736 661
469 572